1.128717852861331750e-01
-8.786025693923980029e-01
7.544993703395022067e-01
1.593738509299235107e-01
8.569827941436445329e-01
2.765178145561637546e-01
1.616036736974111043e-01
9.298183462797142695e-01
9.919610863877523776e-01
8.816572059568108521e-01
1.029915855922921564e+00
7.787664443968785044e-03
-6.772094280914622288e-01
4.887214401641104544e-01
-1.136473494728704736e-01
6.463822480692211769e-01
4.656894174173764611e-01
7.497799912083138452e-01
-6.528419016384674478e-01
-5.690773717802919407e-01
-2.316783387510934489e-01
-5.682710834093285257e-01
1.281419119113245131e-01
-8.325204969742916461e-01
-9.135833241343433997e-01
-9.108193393911525604e-01
-5.506163770336520713e-01
-5.867420294390033320e-01
-6.133110326861910266e-01
6.808697294495615893e-01
5.097513798250474792e-01
1.059286849160310240e+00
2.015630330420883354e-01
-9.476261440550004522e-02
3.748339122999517770e-01
9.206562367530697344e-01
1.002103904843458793e-01
7.495659541191810327e-01
-4.777620609761825676e-01
6.824872628438412026e-01
-5.201614280876079022e-01
-1.569012063318169226e-01
-2.180318199404034374e-01
-6.130301148400172373e-01
3.688637356454727012e-01
9.357476583853281404e-01
7.394897841500058799e-01
4.497553344918254759e-01
9.203059789570615656e-01
-7.320623763851834553e-01
8.690436292142489361e-01
6.779930309229558194e-01
-9.198633193484084813e-02
-8.598227030310261199e-03
3.110366279470035966e-01
2.677211110196349719e-01
4.473783888281957499e-01
-9.942566653106152952e-01
-5.183727207621728894e-01
1.024491887518184097e+00
1.037869635027264925e+00
-5.483813149372536166e-01
-8.969824662550136551e-01
-2.627921009901008631e-01
8.821609539013941514e-01
5.522054299023473334e-01
8.973083096933036629e-01
-5.584730907392836396e-01
5.350337836173384432e-01
6.607217891340835259e-01
-6.650366892139523145e-01
1.244561016157822442e-01
-8.909614677889301504e-01
9.358778323927321452e-01
7.063108031404681242e-01
5.430135285478923102e-01
2.853690108859796015e-01
-9.478587568491607662e-01
2.328278737470784732e-01
1.147216372604265011e-01
2.116375172029508756e-01
-7.167712665345788992e-01
-9.249301804988316889e-01
5.488539993007250928e-01
-1.932463936693959994e-01
-8.458850707347995712e-01
-2.586093840234813257e-01
7.563953826430864780e-01
9.123295701673495017e-01
-4.993063452185957374e-01
-7.953794783164944704e-01
-3.766062530224907334e-01
8.695184130837652070e-01
3.552748692153848836e-02
1.057574759859900126e+00
2.248451836606584209e-01
-8.763423434978179216e-02
-8.751001842056669311e-01
-9.845812143737475708e-01
6.841048570786494309e-01
-7.645767596786607889e-01
6.308163394192028983e-02
9.130504691900793723e-01
3.061040103096537290e-01
8.013395958833378074e-01
-9.791399262462041619e-01
-5.515919499003580917e-01
-2.704720596425147505e-01
7.546908664753608775e-01
-8.092745005820827231e-01
4.448485282657799189e-02
-8.880827438926082174e-01
4.949296084623648895e-01
6.769527155860206591e-01
-9.128144064473815433e-01
-8.964110229669932650e-01
4.041026092463726460e-01
1.149506285224326518e-01
4.039584051575673129e-03
5.127154094052208677e-01
-4.341715981877474206e-01
1.862092281686765771e-01
2.041879073357222296e-02
-3.285379467949915977e-01
3.055276777715514314e-01
-2.559600306316625051e-01
-4.197806381651236762e-01
5.987961187830246335e-01
-7.943543381173512330e-01
1.053776934988754022e+00
1.783133761898189062e-01
1.554559378537057335e-01
-3.283140269370754538e-01
2.052158582296357281e-01
4.491976060380598046e-02
1.462033375015394654e-01
-9.356877161631280693e-01
-8.247470137361307962e-01
9.102449628619755373e-01
1.026582861134297975e+00
-5.973163230584823680e-01
-9.747447408741614083e-01
7.157163812117137702e-01
8.576152467847482086e-01
-5.514188389490453091e-01
-7.207485272456075620e-01
2.680612294083630776e-01
-7.093745091028784699e-01
-7.591938601528311903e-01
4.082553006718097066e-01
-9.853975605040901087e-01
-7.739555654331606860e-01
4.831726780360519058e-01
5.290849021148389397e-01
9.313304355784617350e-01
-7.190956476996497315e-01
-6.269654025655455598e-01
4.851354575894160082e-01
4.659932890643858627e-01
2.730176336564971717e-01
9.538825963611152758e-02
-2.394386548586764363e-01
9.797815045340065865e-01
6.645270457861723878e-02
6.153249177646316070e-01
-9.317982510078133274e-01
-6.948467575938153118e-01
-3.008789422377446954e-01
9.425318768935592173e-01
-6.724345646838276735e-01
1.627475589277977974e-01
8.861893381966956529e-01
5.126162222080417052e-01
4.574917787587056139e-01
7.819842776826182451e-01
-7.106431986747345775e-01
-1.916562874371861014e-01
7.534745872532503386e-01
-1.344748840049252436e-01
-6.708886636251287783e-01
4.450276657862608370e-02
3.300845806268632998e-01
-6.354322552497455590e-01
7.562689265095552393e-01
2.546356265895290960e-01
-8.420310856719535053e-01
-9.555837796313859656e-01
4.196287920484671474e-01
-6.365406748795336966e-01
2.939017104531813085e-01
7.735346267759481975e-01
-9.718890132742656895e-01
3.302352775855155187e-02
8.225236740301475891e-01
6.862268197774352707e-01
3.015216248422236678e-01
1.364432649846205603e-01
-5.928198080723205976e-01
3.132801851381650238e-01
1.038496552847467447e+00
